1hxs , 4 , 1 , 68 ,  1.714 ,  0.008 ,  24.734
2jx8 , A , 1 , 47 ,  1.389 ,  0.032 ,  14.099
1yo7 , A , 1 , 120 ,  9.208 ,  0.045 ,  15.506
1z2u , A , 1 , 150 ,  6.998 ,  0.045 ,  18.232
1aol , A , 1 , 228 ,  6.872 ,  0.046 ,  20.028
3buu , B , 1 , 242 ,  5.626 ,  0.056 ,  18.873
2eng , A , 1 , 205 ,  7.632 ,  0.058 ,  16.516
3a1p , B , 1 , 85 ,  8.614 ,  0.039 ,  15.521
1vhh , A , 1 , 157 ,  8.566 ,  0.061 ,  20.094
1vju , B , 1 , 291 ,  8.935 ,  0.049 ,  20.034
1p9h , A , 1 , 190 ,  6.177 ,  0.029 ,  60.507
2spc , A , 1 , 107 ,  2.525 ,  0.006 ,  30.249
1z60 , A , 1 , 59 ,  17.241 ,  0.060 ,  11.218
1e9t , A , 1 , 59 ,  6.857 ,  0.048 ,  12.522
1irq , A , 1 , 51 ,  8.642 ,  0.033 ,  13.312
1g8t , A , 1 , 242 ,  10.128 ,  0.059 ,  17.999
1z70 , X , 1 , 276 ,  7.823 ,  0.060 ,  18.581
1jov , A , 1 , 281 ,  8.707 ,  0.058 ,  18.444
2nrl , A , 1 , 170 ,  6.502 ,  0.060 ,  14.626
2gz4 , C , 1 , 196 ,  9.538 ,  0.052 ,  17.808
1q3i , A , 1 , 192 ,  12.036 ,  0.056 ,  16.969
1t3y , A , 1 , 131 ,  11.211 ,  0.054 ,  14.309
1xo7 , A , 1 , 166 ,  10.356 ,  0.065 ,  15.585
1cl8 , A , 1 , 261 ,  3.077 ,  0.037 ,  21.401
3mab , A , 1 , 90 ,  12.202 ,  0.066 ,  11.903
2w15 , A , 1 , 218 ,  9.174 ,  0.062 ,  16.543
2ofc , A , 1 , 141 ,  9.981 ,  0.061 ,  14.707
1k4i , A , 1 , 216 ,  8.738 ,  0.055 ,  17.085
1r7l , A , 1 , 103 ,  5.526 ,  0.048 ,  14.802
2aj7 , A , 1 , 161 ,  7.636 ,  0.040 ,  19.351
1ssl , A , 1 , 48 ,  11.111 ,  0.062 ,  12.096
1jid , A , 1 , 114 ,  9.719 ,  0.051 ,  14.976
1nln , A , 1 , 203 ,  8.919 ,  0.057 ,  17.694
2gmq , A , 1 , 106 ,  12.593 ,  0.057 ,  13.574
3rrl , B , 1 , 197 ,  6.931 ,  0.045 ,  17.856
1dvk , A , 1 , 149 ,  10.547 ,  0.055 ,  16.557
2jne , A , 1 , 71 ,  7.469 ,  0.034 ,  49.551
1ehs , A , 1 , 48 ,  13.548 ,  0.042 ,  11.625
3g0m , A , 1 , 139 ,  10.230 ,  0.056 ,  15.182
1oxw , C , 1 , 350 ,  8.301 ,  0.054 ,  23.151
1oqv , A , 1 , 171 ,  9.893 ,  0.062 ,  16.146
3p1f , A , 1 , 119 ,  10.687 ,  0.042 ,  15.645
2ecs , A , 1 , 61 ,  10.526 ,  0.049 ,  12.055
1h16 , A , 1 , 765 ,  5.574 ,  0.055 ,  27.748
2w2e , A , 1 , 272 ,  8.842 ,  0.049 ,  19.897
1mp1 , A , 1 , 111 ,  11.141 ,  0.057 ,  13.390
2hi7 , B , 1 , 134 ,  10.478 ,  0.043 ,  16.552
2nwf , A , 1 , 148 ,  6.469 ,  0.064 ,  28.006
2x2v , A , 1 , 68 ,  6.792 ,  0.024 ,  16.494
3ku3 , B , 1 , 173 ,  3.333 ,  0.013 ,  27.489
1c5e , A , 1 , 95 ,  12.975 ,  0.062 ,  13.032
1o82 , A , 1 , 70 ,  15.164 ,  0.067 ,  11.491
1rss , A , 1 , 140 ,  6.130 ,  0.040 ,  18.321
2jaf , A , 1 , 244 ,  8.016 ,  0.045 ,  19.150
1rrz , A , 1 , 66 ,  10.748 ,  0.049 ,  12.791
1sb0 , A , 1 , 87 ,  10.616 ,  0.042 ,  26.352
1uxa , A , 1 , 185 ,  7.122 ,  0.049 ,  18.398
2wlv , A , 1 , 154 ,  7.836 ,  0.046 ,  16.122
2bs2 , C , 1 , 256 ,  5.403 ,  0.030 ,  22.871
1utg , A , 1 , 70 ,  9.664 ,  0.040 ,  13.942
1skn , P , 1 , 74 ,  3.831 ,  0.029 ,  16.502
2hd9 , A , 1 , 145 ,  9.776 ,  0.054 ,  15.216
3cmb , A , 1 , 264 ,  7.064 ,  0.047 ,  19.970
2rl8 , A , 1 , 148 ,  10.075 ,  0.053 ,  16.079
1wdc , A , 1 , 64 ,  4.329 ,  0.005 ,  27.519
1y0k , A , 1 , 180 ,  7.583 ,  0.052 ,  16.478
3ik5 , C , 1 , 117 ,  7.809 ,  0.046 ,  14.870
1so9 , A , 1 , 131 ,  6.452 ,  0.038 ,  16.207
1euw , A , 1 , 147 ,  8.182 ,  0.042 ,  42.242
1lr5 , B , 1 , 159 ,  8.874 ,  0.049 ,  17.347
2za4 , B , 1 , 89 ,  12.131 ,  0.059 ,  12.189
1w85 , I , 1 , 42 ,  17.742 ,  0.066 ,  12.555
1iqz , A , 1 , 81 ,  15.356 ,  0.069 ,  12.949
2hba , A , 1 , 52 ,  3.646 ,  0.055 ,  11.161
1qxy , A , 1 , 249 ,  8.626 ,  0.059 ,  17.365
2c36 , A , 1 , 274 ,  8.174 ,  0.048 ,  21.762
1f02 , T , 1 , 66 ,  8.439 ,  0.024 ,  16.232
2exf , A , 1 , 44 ,  2.985 ,  0.038 ,  11.530
1nyc , A , 1 , 111 ,  10.789 ,  0.050 ,  13.941
1dm9 , A , 1 , 104 ,  6.138 ,  0.044 ,  14.622
1p35 , C , 1 , 295 ,  5.355 ,  0.043 ,  21.684
2vqe , N , 1 , 60 ,  9.659 ,  0.031 ,  28.857
2vqe , P , 1 , 83 ,  8.511 ,  0.053 ,  17.930
2vqe , R , 1 , 73 ,  11.947 ,  0.050 ,  24.159
1n81 , A , 1 , 186 ,  9.795 ,  0.042 ,  20.248
2pbk , B , 1 , 230 ,  10.050 ,  0.059 ,  17.553
1lm5 , B , 1 , 193 ,  5.526 ,  0.058 ,  17.447
3dnj , B , 1 , 90 ,  11.051 ,  0.064 ,  20.362
1cmb , A , 1 , 104 ,  7.764 ,  0.041 ,  14.991
1xpp , D , 1 , 114 ,  2.012 ,  0.021 ,  20.441
1wfe , A , 1 , 86 ,  1.357 ,  0.006 ,  29.031
1d9n , A , 1 , 75 ,  11.304 ,  0.045 ,  54.794
1yu5 , X , 1 , 67 ,  8.612 ,  0.052 ,  11.948
1vq8 , 2 , 1 , 46 ,  5.512 ,  0.022 ,  22.686
1vq8 , C , 1 , 246 ,  1.952 ,  0.019 ,  29.093
1vq8 , H , 1 , 160 ,  7.002 ,  0.037 ,  24.640
1vq8 , M , 1 , 194 ,  6.279 ,  0.035 ,  24.025
1vq8 , X , 1 , 82 ,  10.000 ,  0.052 ,  24.959
1t60 , D , 1 , 224 ,  7.230 ,  0.045 ,  20.787
2nwt , A , 1 , 69 ,  1.974 ,  0.002 ,  44.679
1h8e , H , 1 , 89 ,  14.013 ,  0.062 ,  17.280
1ae9 , A , 1 , 171 ,  12.709 ,  0.054 ,  16.478
1edx , A , 1 , 40 ,  20.721 ,  0.065 ,  9.354
1v7r , A , 1 , 186 ,  5.301 ,  0.049 ,  17.801
2dsx , A , 1 , 52 ,  9.827 ,  0.065 ,  9.640
1jni , A , 1 , 62 ,  4.712 ,  0.043 ,  12.259
1sx5 , B , 1 , 238 ,  5.523 ,  0.039 ,  19.640
1d6g , A , 1 , 47 ,  4.255 ,  0.034 ,  97.059
1jfz , A , 1 , 148 ,  7.063 ,  0.049 ,  15.696
1yz1 , D , 1 , 144 ,  9.627 ,  0.054 ,  15.495
1aho , A , 1 , 66 ,  14.043 ,  0.065 ,  11.685
3l8w , A , 1 , 296 ,  4.935 ,  0.028 ,  63.408
1w53 , A , 1 , 87 ,  3.593 ,  0.045 ,  14.126
2hdi , B , 1 , 103 ,  6.383 ,  0.035 ,  16.883
1mvf , D , 1 , 44 ,  9.917 ,  0.033 ,  12.033
1hp8 , A , 1 , 68 ,  13.636 ,  0.046 ,  12.794
1vbw , A , 1 , 74 ,  16.917 ,  0.067 ,  11.492
1kaf , D , 1 , 104 ,  9.973 ,  0.060 ,  13.725
2nqw , A , 1 , 96 ,  16.820 ,  0.065 ,  12.532
1xjh , A , 1 , 62 ,  9.524 ,  0.040 ,  27.078
1jb7 , B , 1 , 226 ,  1.845 ,  0.026 ,  23.290
1wib , A , 1 , 92 ,  6.226 ,  0.023 ,  18.336
3rpz , A , 1 , 284 ,  6.661 ,  0.063 ,  18.177
3pvi , A , 1 , 156 ,  5.762 ,  0.035 ,  19.004
1qw2 , A , 1 , 97 ,  9.317 ,  0.046 ,  15.230
1zzk , A , 1 , 82 ,  14.483 ,  0.057 ,  12.215
3n4j , A , 1 , 173 ,  11.606 ,  0.058 ,  16.461
1dtd , B , 1 , 61 ,  13.500 ,  0.061 ,  13.691
1bm8 , A , 1 , 99 ,  11.573 ,  0.063 ,  15.264
1hnr , A , 1 , 47 ,  15.625 ,  0.050 ,  14.368
1lpb , A , 1 , 85 ,  6.431 ,  0.055 ,  16.403
1j0t , A , 1 , 78 ,  11.111 ,  0.059 ,  19.482
2w1v , A , 1 , 276 ,  6.655 ,  0.061 ,  18.995
4mt2 , A , 1 , 61 ,  2.339 ,  0.034 ,  15.130
2odk , A , 1 , 61 ,  4.225 ,  0.049 ,  12.258
1rv9 , A , 1 , 242 ,  9.487 ,  0.059 ,  17.408
1jvr , A , 1 , 137 ,  0.510 ,  0.007 ,  47.453
2atz , A , 1 , 172 ,  7.216 ,  0.048 ,  16.551
1dsl , A , 1 , 88 ,  11.912 ,  0.065 ,  13.211
1abv , A , 1 , 105 ,  11.436 ,  0.056 ,  13.242
1gcc , A , 1 , 63 ,  14.423 ,  0.051 ,  33.734
3kl6 , B , 1 , 50 ,  11.688 ,  0.039 ,  13.073
1tl2 , A , 1 , 235 ,  5.089 ,  0.048 ,  18.152
1aml , A , 1 , 40 ,  13.333 ,  0.025 ,  29.069
1ryp , 1 , 1 , 222 ,  7.646 ,  0.050 ,  25.168
1vmo , A , 1 , 163 ,  8.659 ,  0.059 ,  15.978
1i71 , A , 1 , 83 ,  14.170 ,  0.057 ,  13.489
3fn2 , A , 1 , 94 ,  5.724 ,  0.024 ,  17.204
1u53 , A , 1 , 193 ,  5.578 ,  0.055 ,  16.417
1tzy , C , 1 , 95 ,  3.963 ,  0.024 ,  20.900
3mv4 , M , 1 , 249 ,  7.436 ,  0.042 ,  19.662
1m22 , A , 1 , 487 ,  6.757 ,  0.062 ,  22.284
1yoz , A , 1 , 113 ,  9.669 ,  0.043 ,  14.930
1wn9 , A , 1 , 123 ,  13.256 ,  0.063 ,  14.226
1o22 , A , 1 , 146 ,  7.456 ,  0.025 ,  19.238
1yew , C , 1 , 188 ,  6.012 ,  0.028 ,  25.043
2sic , I , 1 , 107 ,  9.870 ,  0.052 ,  13.669
1qqh , A , 1 , 144 ,  6.931 ,  0.039 ,  17.770
1jjr , A , 1 , 54 ,  10.857 ,  0.069 ,  10.377
1xn8 , A , 1 , 131 ,  8.373 ,  0.033 ,  19.322
1nlw , E , 1 , 74 ,  3.717 ,  0.010 ,  22.187
1yfq , A , 1 , 342 ,  6.573 ,  0.055 ,  20.435
1y69 , 8 , 1 , 113 ,  7.634 ,  0.025 ,  27.495
2ota , A , 1 , 66 ,  8.333 ,  0.028 ,  14.657
2au7 , A , 1 , 176 ,  10.220 ,  0.061 ,  18.209
2w9j , B , 1 , 80 ,  15.079 ,  0.040 ,  13.319
1twf , F , 1 , 84 ,  5.455 ,  0.036 ,  17.514
3a38 , A , 1 , 98 ,  13.819 ,  0.077 ,  26.364
2v9l , A , 1 , 288 ,  8.059 ,  0.051 ,  105.951
3dt5 , A , 1 , 124 ,  11.737 ,  0.047 ,  15.054
1pby , C , 1 , 79 ,  3.629 ,  0.042 ,  14.597
1v2b , B , 1 , 151 ,  11.641 ,  0.057 ,  15.361
1i5j , A , 1 , 67 ,  8.051 ,  0.022 ,  95.215
1dqc , A , 1 , 73 ,  6.250 ,  0.054 ,  12.833
2izx , B , 1 , 41 ,  7.874 ,  0.035 ,  11.675
2gkp , A , 1 , 178 ,  7.806 ,  0.057 ,  16.709
1aoo , A , 1 , 40 ,  22.115 ,  0.070 ,  9.499
1t07 , A , 1 , 78 ,  7.280 ,  0.039 ,  13.756
2z0t , A , 1 , 109 ,  8.521 ,  0.057 ,  13.829
1vp8 , A , 1 , 183 ,  12.422 ,  0.057 ,  16.753
1pv5 , A , 1 , 263 ,  7.027 ,  0.047 ,  19.403
1dj7 , A , 1 , 109 ,  9.585 ,  0.055 ,  14.080
1v3w , A , 1 , 176 ,  9.221 ,  0.060 ,  15.985
2ah6 , B , 1 , 164 ,  9.704 ,  0.043 ,  18.644
3nx6 , A , 1 , 75 ,  13.439 ,  0.053 ,  13.042
3g7k , C , 1 , 224 ,  4.869 ,  0.048 ,  33.802
1f46 , B , 1 , 140 ,  10.928 ,  0.051 ,  16.123
2o11 , A , 1 , 407 ,  6.638 ,  0.043 ,  23.887
1p71 , B , 1 , 93 ,  2.647 ,  0.017 ,  20.864
1fk5 , A , 1 , 93 ,  12.829 ,  0.058 ,  13.645
1cyo , A , 1 , 88 ,  15.302 ,  0.054 ,  13.544
2awk , A , 1 , 224 ,  7.258 ,  0.053 ,  17.429
2end , A , 1 , 137 ,  7.589 ,  0.042 ,  16.165
1pdc , A , 1 , 45 ,  7.947 ,  0.066 ,  17.389
1p32 , C , 1 , 176 ,  6.139 ,  0.029 ,  20.782
1jhg , A , 1 , 101 ,  2.786 ,  0.026 ,  18.318
3mj0 , A , 1 , 118 ,  12.814 ,  0.056 ,  13.963
2k7x , A , 1 , 120 ,  15.263 ,  0.053 ,  18.124
1w6s , A , 1 , 595 ,  6.047 ,  0.058 ,  23.112
1w6s , B , 1 , 72 ,  3.271 ,  0.006 ,  24.039
1rq6 , A , 1 , 62 ,  12.903 ,  0.047 ,  12.324
1l8c , A , 1 , 95 ,  10.811 ,  0.038 ,  14.811
2qh9 , A , 1 , 172 ,  12.146 ,  0.057 ,  16.225
1ybz , A , 1 , 76 ,  3.571 ,  0.023 ,  16.271
1jos , A , 1 , 102 ,  10.452 ,  0.050 ,  14.879
2hnu , A , 1 , 81 ,  8.784 ,  0.066 ,  18.605
1g7d , A , 1 , 106 ,  10.894 ,  0.053 ,  13.770
2ux9 , B , 1 , 71 ,  11.364 ,  0.038 ,  14.060
1b4u , A , 1 , 132 ,  4.925 ,  0.034 ,  17.943
2qzi , A , 1 , 102 ,  12.570 ,  0.053 ,  14.380
1jad , A , 1 , 235 ,  3.531 ,  0.007 ,  37.585
3bo5 , A , 1 , 275 ,  8.032 ,  0.054 ,  18.665
1wny , A , 1 , 180 ,  7.313 ,  0.056 ,  16.988
1tkv , A , 1 , 89 ,  14.237 ,  0.059 ,  54.635
1rg8 , A , 1 , 141 ,  10.959 ,  0.067 ,  14.886
1bds , A , 1 , 43 ,  17.829 ,  0.066 ,  9.469
2o8i , A , 1 , 154 ,  5.115 ,  0.042 ,  17.954
1gd8 , A , 1 , 105 ,  10.400 ,  0.047 ,  16.032
1jbi , A , 1 , 100 ,  14.571 ,  0.067 ,  12.579
1a3a , C , 1 , 146 ,  9.462 ,  0.065 ,  15.002
3hqf , A , 1 , 173 ,  7.853 ,  0.052 ,  16.575
1whi , A , 1 , 122 ,  9.469 ,  0.060 ,  14.423
3ks3 , A , 1 , 266 ,  7.656 ,  0.058 ,  17.471
1jw2 , A , 1 , 72 ,  4.032 ,  0.045 ,  13.653
1j8u , A , 1 , 307 ,  9.000 ,  0.055 ,  18.990
1n91 , A , 1 , 108 ,  12.113 ,  0.044 ,  14.766
1ow1 , A , 1 , 167 ,  10.403 ,  0.056 ,  15.622
1j0p , A , 1 , 108 ,  11.014 ,  0.045 ,  15.631
3c9q , A , 1 , 196 ,  8.237 ,  0.057 ,  16.340
1kpt , A , 1 , 105 ,  12.665 ,  0.065 ,  14.820
2imq , X , 1 , 283 ,  9.259 ,  0.056 ,  18.275
3d7j , C , 1 , 134 ,  9.483 ,  0.041 ,  17.894
3adg , A , 1 , 72 ,  14.118 ,  0.049 ,  12.860
1q08 , B , 1 , 89 ,  3.268 ,  0.010 ,  23.498
2ob5 , A , 1 , 152 ,  14.711 ,  0.062 ,  14.760
1oru , A , 1 , 182 ,  7.616 ,  0.056 ,  17.027
2o01 , 1 , 1 , 175 ,  5.645 ,  0.015 ,  24.103
3dqg , C , 1 , 151 ,  8.547 ,  0.047 ,  16.871
2nwl , C , 1 , 403 ,  6.639 ,  0.047 ,  22.399
1j3a , A , 1 , 129 ,  9.454 ,  0.053 ,  14.849
1g9p , A , 1 , 45 ,  2.143 ,  0.026 ,  16.642
3bsu , A , 1 , 48 ,  13.855 ,  0.068 ,  10.343
1xly , A , 1 , 224 ,  6.549 ,  0.037 ,  20.825
3jud , A , 1 , 155 ,  11.693 ,  0.057 ,  14.923
2nn5 , A , 1 , 194 ,  6.386 ,  0.057 ,  16.153
1gp8 , A , 1 , 40 ,  13.178 ,  0.038 ,  11.365
1t62 , B , 1 , 163 ,  6.272 ,  0.042 ,  19.669
1i27 , A , 1 , 73 ,  11.966 ,  0.049 ,  12.864
1y7j , A , 1 , 40 ,  19.444 ,  0.060 ,  10.365
1qhh , C , 1 , 102 ,  2.732 ,  0.025 ,  21.254
1j34 , C , 1 , 34 ,  11.538 ,  0.038 ,  11.245
1gvc , A , 1 , 157 ,  9.354 ,  0.062 ,  15.455
2zib , A , 1 , 132 ,  10.730 ,  0.058 ,  14.605
2hh8 , A , 1 , 127 ,  9.746 ,  0.055 ,  14.132
1igd , A , 1 , 61 ,  14.872 ,  0.049 ,  12.082
1w33 , B , 1 , 180 ,  8.202 ,  0.024 ,  25.563
2b97 , A , 1 , 71 ,  18.145 ,  0.077 ,  20.185
2vhk , A , 1 , 232 ,  6.880 ,  0.064 ,  16.718
3ess , A , 1 , 202 ,  6.096 ,  0.050 ,  17.501
1wij , A , 1 , 127 ,  7.481 ,  0.048 ,  14.779
1r94 , A , 1 , 97 ,  11.859 ,  0.047 ,  14.333
1cy5 , A , 1 , 92 ,  11.621 ,  0.064 ,  12.183
1ud9 , A , 1 , 242 ,  5.213 ,  0.043 ,  19.097
1khx , A , 1 , 201 ,  7.357 ,  0.044 ,  22.162
2it9 , A , 1 , 122 ,  10.417 ,  0.048 ,  14.712
1xd3 , C , 1 , 243 ,  5.763 ,  0.060 ,  18.604
2ijq , A , 1 , 146 ,  12.710 ,  0.060 ,  14.667
3sy1 , A , 1 , 234 ,  7.416 ,  0.055 ,  17.821
1fi8 , D , 1 , 48 ,  3.125 ,  0.015 ,  17.191
2w2r , A , 1 , 180 ,  7.178 ,  0.049 ,  16.503
1mz9 , A , 1 , 45 ,  6.623 ,  0.008 ,  19.713
1v9x , A , 1 , 114 ,  11.869 ,  0.043 ,  15.374
2r19 , A , 1 , 135 ,  9.921 ,  0.050 ,  15.630
1qd5 , A , 1 , 257 ,  7.903 ,  0.046 ,  19.777
1cxq , A , 1 , 144 ,  7.605 ,  0.050 ,  17.136
1mkk , B , 1 , 94 ,  6.098 ,  0.023 ,  17.765
1s5d , A , 1 , 219 ,  7.721 ,  0.047 ,  19.047
2pv4 , A , 1 , 146 ,  7.129 ,  0.044 ,  17.044
1p68 , A , 1 , 102 ,  10.811 ,  0.053 ,  13.312
2h88 , D , 1 , 101 ,  9.041 ,  0.030 ,  16.467
1wpn , A , 1 , 197 ,  6.533 ,  0.064 ,  15.799
1bct , A , 1 , 69 ,  4.115 ,  0.006 ,  29.940
1nyn , A , 1 , 111 ,  0.824 ,  0.030 ,  20.780
1nrz , A , 1 , 163 ,  6.291 ,  0.054 ,  15.726
1ejx , B , 1 , 101 ,  1.183 ,  0.032 ,  21.705
1v54 , A , 1 , 513 ,  6.634 ,  0.051 ,  42.290
1v54 , F , 1 , 98 ,  3.526 ,  0.020 ,  45.388
1v54 , G , 1 , 83 ,  2.128 ,  0.007 ,  41.724
1v54 , I , 1 , 72 ,  4.149 ,  0.004 ,  43.257
1v54 , J , 1 , 58 ,  5.495 ,  0.010 ,  45.273
1v54 , K , 1 , 49 ,  7.246 ,  0.007 ,  40.109
1v54 , L , 1 , 46 ,  7.246 ,  0.013 ,  38.795
1v54 , M , 1 , 43 ,  7.692 ,  0.010 ,  37.286
2xqq , A , 1 , 98 ,  13.613 ,  0.071 ,  13.396
1kmx , A , 1 , 55 ,  6.875 ,  0.026 ,  62.307
1b35 , D , 1 , 57 ,  6.207 ,  0.015 ,  20.232
1n2m , C , 1 , 164 ,  6.897 ,  0.052 ,  16.158
2gmy , D , 1 , 145 ,  10.870 ,  0.049 ,  15.733
1k6d , B , 1 , 219 ,  7.995 ,  0.048 ,  18.212
2pw8 , I , 1 , 64 ,  0.000 ,  0.021 ,  18.262
1pq1 , A , 1 , 147 ,  11.400 ,  0.055 ,  14.713
3fgg , A , 1 , 144 ,  10.472 ,  0.039 ,  16.904
1xkr , A , 1 , 205 ,  10.308 ,  0.053 ,  17.838
1oo0 , A , 1 , 144 ,  11.959 ,  0.046 ,  16.180
2dxa , A , 1 , 155 ,  8.797 ,  0.062 ,  14.705
2fb6 , A , 1 , 129 ,  8.396 ,  0.058 ,  14.152
2pzz , B , 1 , 121 ,  9.557 ,  0.052 ,  15.716
1jjd , A , 1 , 52 ,  7.273 ,  0.060 ,  10.585
2o5h , A , 1 , 133 ,  10.262 ,  0.053 ,  15.020
1q60 , A , 1 , 99 ,  6.402 ,  0.045 ,  14.722
1ucs , A , 1 , 64 ,  14.747 ,  0.068 ,  22.106
1bo9 , A , 1 , 73 ,  14.876 ,  0.065 ,  11.124
2guk , A , 1 , 112 ,  3.941 ,  0.043 ,  19.014
1t23 , A , 1 , 93 ,  9.827 ,  0.065 ,  12.481
1pi1 , A , 1 , 185 ,  10.248 ,  0.046 ,  17.351
1nwz , A , 1 , 141 ,  9.385 ,  0.070 ,  13.523
1tig , A , 1 , 88 ,  12.298 ,  0.055 ,  14.441
2hq4 , A , 1 , 158 ,  8.301 ,  0.047 ,  16.474
1r0d , B , 1 , 186 ,  7.377 ,  0.037 ,  19.831
2jv8 , A , 1 , 73 ,  6.356 ,  0.043 ,  13.096
1zvp , A , 1 , 128 ,  4.069 ,  0.037 ,  18.036
1tvs , A , 1 , 75 ,  4.036 ,  0.020 ,  55.931
1e8r , A , 1 , 50 ,  13.559 ,  0.070 ,  10.166
1xg0 , B , 1 , 71 ,  4.072 ,  0.011 ,  20.341
3bei , A , 1 , 41 ,  3.390 ,  0.016 ,  15.265
1t6t , 2 , 1 , 108 ,  13.506 ,  0.057 ,  13.594
1abz , A , 1 , 38 ,  17.925 ,  0.037 ,  11.219
1syx , B , 1 , 62 ,  11.735 ,  0.057 ,  11.112
1byr , A , 1 , 152 ,  9.933 ,  0.062 ,  15.411
1jfw , A , 1 , 86 ,  9.060 ,  0.061 ,  16.416
1qyp , A , 1 , 57 ,  7.303 ,  0.038 ,  13.168
1icf , I , 1 , 65 ,  6.931 ,  0.047 ,  12.821
1l9l , A , 1 , 74 ,  14.286 ,  0.061 ,  19.490
2o9u , X , 1 , 134 ,  10.684 ,  0.070 ,  13.637
1trl , A , 1 , 62 ,  13.462 ,  0.056 ,  11.611
1vhu , A , 1 , 187 ,  8.543 ,  0.063 ,  15.533
1e50 , B , 1 , 130 ,  4.603 ,  0.048 ,  16.007
1kvd , A , 1 , 63 ,  9.497 ,  0.032 ,  15.942
1kvd , B , 1 , 77 ,  13.878 ,  0.040 ,  16.715
1qa4 , A , 1 , 56 ,  2.727 ,  0.002 ,  80.112
1vh5 , A , 1 , 138 ,  10.516 ,  0.054 ,  14.989
1nkz , A , 1 , 52 ,  6.289 ,  0.009 ,  19.713
1nh2 , C , 1 , 52 ,  10.303 ,  0.031 ,  13.376
2prv , B , 1 , 153 ,  7.266 ,  0.052 ,  21.384
2fdo , A , 1 , 89 ,  8.824 ,  0.024 ,  17.373
1g1e , B , 1 , 89 ,  5.902 ,  0.035 ,  14.445
3eip , A , 1 , 84 ,  7.581 ,  0.049 ,  13.564
2rdk , A , 1 , 104 ,  8.642 ,  0.050 ,  14.926
1got , G , 1 , 58 ,  3.825 ,  0.006 ,  24.031
1e44 , B , 1 , 96 ,  7.761 ,  0.051 ,  14.357
1iyr , A , 1 , 83 ,  5.091 ,  0.035 ,  16.355
1y9i , A , 1 , 158 ,  8.966 ,  0.054 ,  15.893
1nnh , A , 1 , 293 ,  7.090 ,  0.050 ,  19.025
1sj7 , B , 1 , 170 ,  8.865 ,  0.038 ,  20.454
2qzb , A , 1 , 146 ,  7.283 ,  0.045 ,  16.509
3bhw , A , 1 , 191 ,  5.277 ,  0.051 ,  17.681
2ioj , A , 1 , 117 ,  13.669 ,  0.071 ,  13.521
1jya , B , 1 , 119 ,  7.874 ,  0.043 ,  15.490
1jb0 , D , 1 , 138 ,  0.853 ,  0.022 ,  25.787
1jb0 , L , 1 , 151 ,  6.207 ,  0.022 ,  26.679
1ejg , A , 1 , 55 ,  11.790 ,  0.071 ,  16.309
1cq3 , A , 1 , 224 ,  7.545 ,  0.051 ,  18.736
1lr0 , A , 1 , 123 ,  6.095 ,  0.030 ,  18.763
1fm2 , A , 1 , 151 ,  4.498 ,  0.036 ,  18.601
1k8k , E , 1 , 174 ,  10.783 ,  0.055 ,  16.040
1j3e , A , 1 , 115 ,  8.706 ,  0.056 ,  14.457
3c8i , A , 1 , 127 ,  9.091 ,  0.055 ,  14.552
2lis , A , 1 , 131 ,  8.571 ,  0.039 ,  18.482
2hhg , A , 1 , 130 ,  9.534 ,  0.049 ,  15.115
1jjs , A , 1 , 42 ,  12.903 ,  0.051 ,  10.244
2hng , A , 1 , 138 ,  6.847 ,  0.035 ,  17.897
1a32 , A , 1 , 85 ,  0.987 ,  0.021 ,  18.510
1nr3 , A , 1 , 122 ,  9.439 ,  0.051 ,  14.556
1ft5 , A , 1 , 211 ,  7.260 ,  0.043 ,  22.012
1t8k , A , 1 , 78 ,  12.453 ,  0.064 ,  11.710
2g3w , A , 1 , 175 ,  4.088 ,  0.053 ,  16.507
2hg6 , A , 1 , 106 ,  8.696 ,  0.040 ,  24.654
3mol , B , 1 , 175 ,  8.272 ,  0.053 ,  15.871
1vq3 , B , 1 , 84 ,  7.746 ,  0.024 ,  17.398
3c4r , A , 1 , 119 ,  4.337 ,  0.028 ,  18.928
1lkt , A , 1 , 104 ,  8.683 ,  0.045 ,  34.847
1wdj , A , 1 , 186 ,  6.205 ,  0.055 ,  17.449
1nki , A , 1 , 138 ,  6.780 ,  0.039 ,  16.768
1v8h , A , 1 , 106 ,  8.824 ,  0.035 ,  16.494
1mkc , A , 1 , 43 ,  9.353 ,  0.060 ,  14.105
1h4x , A , 1 , 110 ,  14.436 ,  0.061 ,  13.644
3ffy , A , 1 , 116 ,  12.409 ,  0.063 ,  13.393
1unq , A , 1 , 117 ,  10.817 ,  0.050 ,  14.694
1wk2 , A , 1 , 82 ,  7.042 ,  0.054 ,  13.224
1psr , A , 1 , 100 ,  7.670 ,  0.042 ,  15.376
2fiy , A , 1 , 285 ,  6.910 ,  0.053 ,  21.639
1d1r , A , 1 , 83 ,  14.400 ,  0.048 ,  13.096
2erl , A , 1 , 40 ,  22.047 ,  0.067 ,  14.334
1uuy , A , 1 , 162 ,  14.118 ,  0.065 ,  25.222
2p06 , A , 1 , 82 ,  8.591 ,  0.039 ,  15.367
1tgr , A , 1 , 56 ,  13.587 ,  0.054 ,  11.215
1pz4 , A , 1 , 113 ,  11.671 ,  0.053 ,  15.275
1nz0 , D , 1 , 111 ,  11.507 ,  0.054 ,  15.207
2qjz , A , 1 , 117 ,  15.211 ,  0.057 ,  13.578
1d4u , A , 1 , 111 ,  6.812 ,  0.038 ,  20.255
1i2t , A , 1 , 61 ,  17.085 ,  0.059 ,  11.816
1q9u , A , 1 , 132 ,  9.816 ,  0.044 ,  15.977
1xyi , A , 1 , 66 ,  8.219 ,  0.055 ,  12.130
2iay , A , 1 , 120 ,  7.127 ,  0.053 ,  14.762
1hdl , A , 1 , 55 ,  10.526 ,  0.043 ,  28.465
1lpv , A , 1 , 52 ,  8.497 ,  0.038 ,  25.386
2g81 , I , 1 , 57 ,  10.256 ,  0.047 ,  12.336
1r29 , A , 1 , 122 ,  9.201 ,  0.043 ,  16.051
1vfy , A , 1 , 67 ,  11.111 ,  0.047 ,  13.497
1mwp , A , 1 , 96 ,  11.043 ,  0.056 ,  13.650
1mc2 , A , 1 , 122 ,  8.392 ,  0.053 ,  14.391
1dfu , P , 1 , 94 ,  11.502 ,  0.055 ,  13.039
1jw3 , A , 1 , 140 ,  12.165 ,  0.054 ,  14.853
1o8r , A , 1 , 94 ,  11.604 ,  0.057 ,  17.372
2y28 , B , 1 , 176 ,  12.136 ,  0.060 ,  16.845
1m9o , A , 1 , 40 ,  9.677 ,  0.040 ,  59.488
3fy6 , B , 1 , 122 ,  10.269 ,  0.039 ,  18.065
2h5n , C , 1 , 125 ,  11.982 ,  0.063 ,  14.240
1c6v , X , 1 , 55 ,  16.250 ,  0.050 ,  12.063
1j57 , A , 1 , 143 ,  11.818 ,  0.050 ,  15.868
3o79 , B , 1 , 109 ,  9.284 ,  0.045 ,  14.896
2q03 , B , 1 , 133 ,  11.198 ,  0.045 ,  16.227
3ccd , A , 1 , 88 ,  16.301 ,  0.069 ,  11.708
1olg , A , 1 , 42 ,  11.009 ,  0.019 ,  18.536
1i4j , A , 1 , 110 ,  8.168 ,  0.038 ,  16.914
1eo0 , A , 1 , 77 ,  15.444 ,  0.065 ,  11.635
1lkk , A , 1 , 105 ,  12.139 ,  0.054 ,  32.242
1oai , A , 1 , 59 ,  17.021 ,  0.057 ,  11.630
2q5x , A , 1 , 151 ,  7.780 ,  0.040 ,  20.030
1x6m , A , 1 , 196 ,  6.143 ,  0.046 ,  18.222
2qw6 , D , 1 , 86 ,  13.487 ,  0.066 ,  11.865
3ctv , A , 1 , 90 ,  9.585 ,  0.054 ,  15.908
1gpr , A , 1 , 158 ,  11.620 ,  0.061 ,  14.912
1ghh , A , 1 , 81 ,  13.672 ,  0.046 ,  12.850
1apj , A , 1 , 74 ,  8.846 ,  0.065 ,  39.649
2k1g , A , 1 , 129 ,  13.699 ,  0.062 ,  13.914
1wjx , A , 1 , 112 ,  14.247 ,  0.055 ,  14.031
1adn , A , 1 , 92 ,  2.909 ,  0.028 ,  17.108
1sdi , A , 1 , 214 ,  7.995 ,  0.058 ,  17.082
2r0x , A , 1 , 175 ,  6.181 ,  0.060 ,  15.382
1hn6 , A , 1 , 110 ,  0.984 ,  0.008 ,  35.464
2z7f , I , 1 , 50 ,  9.934 ,  0.048 ,  18.078
2os0 , A , 1 , 179 ,  6.988 ,  0.053 ,  17.003
3c7x , A , 1 , 196 ,  7.202 ,  0.057 ,  16.383
2h3l , B , 1 , 98 ,  13.678 ,  0.057 ,  13.947
3b9w , A , 1 , 366 ,  9.061 ,  0.061 ,  21.301
1vcc , A , 1 , 77 ,  10.769 ,  0.055 ,  14.764
1g6x , A , 1 , 61 ,  12.077 ,  0.059 ,  12.996
1tba , A , 1 , 67 ,  17.112 ,  0.036 ,  23.259
1n8v , B , 1 , 103 ,  7.225 ,  0.051 ,  13.597
1f5x , A , 1 , 208 ,  8.491 ,  0.041 ,  18.551
1bea , A , 1 , 116 ,  11.000 ,  0.056 ,  14.091
1wvk , A , 1 , 86 ,  1.141 ,  0.011 ,  22.051
1xdy , G , 1 , 261 ,  8.910 ,  0.058 ,  18.791
3c05 , A , 1 , 59 ,  11.475 ,  0.034 ,  15.794
2qv8 , A , 1 , 152 ,  8.673 ,  0.054 ,  15.838
1rtq , A , 1 , 291 ,  9.381 ,  0.065 ,  42.966
2qud , A , 1 , 140 ,  3.950 ,  0.031 ,  17.785
1p4p , A , 1 , 140 ,  6.481 ,  0.045 ,  16.544
3g74 , C , 1 , 83 ,  8.880 ,  0.043 ,  15.587
1gu2 , A , 1 , 124 ,  9.492 ,  0.050 ,  14.402
1jke , A , 1 , 145 ,  11.776 ,  0.052 ,  17.917
3mhj , A , 1 , 209 ,  7.965 ,  0.053 ,  17.393
1puc , A , 1 , 101 ,  2.555 ,  0.028 ,  17.670
1f08 , B , 1 , 145 ,  11.065 ,  0.055 ,  15.709
1a1x , A , 1 , 106 ,  12.500 ,  0.052 ,  14.789
1oqj , A , 1 , 90 ,  9.554 ,  0.060 ,  12.395
2y1q , A , 1 , 139 ,  9.541 ,  0.065 ,  30.247
2yve , B , 1 , 172 ,  3.774 ,  0.034 ,  18.470
1bx7 , A , 1 , 51 ,  6.667 ,  0.032 ,  15.638
2oiz , H , 1 , 131 ,  13.846 ,  0.071 ,  14.343
3cla , A , 1 , 213 ,  7.527 ,  0.047 ,  17.747
1co4 , A , 1 , 42 ,  2.290 ,  0.039 ,  12.100
2vxp , A , 1 , 131 ,  10.395 ,  0.059 ,  14.023
1tt8 , A , 1 , 164 ,  6.957 ,  0.058 ,  14.810
2dpf , A , 1 , 111 ,  8.049 ,  0.044 ,  15.213
1jyh , A , 1 , 155 ,  10.626 ,  0.047 ,  16.623
1d0q , A , 1 , 102 ,  5.429 ,  0.043 ,  15.174
1k0e , A , 1 , 437 ,  7.917 ,  0.057 ,  21.302
3n08 , B , 1 , 165 ,  7.465 ,  0.057 ,  31.105
1t9i , A , 1 , 153 ,  5.263 ,  0.043 ,  16.915
1p9g , A , 1 , 42 ,  20.863 ,  0.090 ,  11.840
2b1y , A , 1 , 102 ,  2.679 ,  0.012 ,  21.791
1n0z , A , 1 , 45 ,  8.333 ,  0.047 ,  11.269
3fci , A , 1 , 225 ,  6.467 ,  0.056 ,  16.951
3fgh , A , 1 , 74 ,  6.826 ,  0.029 ,  15.235
2d48 , A , 1 , 129 ,  13.199 ,  0.051 ,  15.022
1u89 , A , 1 , 139 ,  8.604 ,  0.037 ,  17.291
1ewn , A , 1 , 200 ,  9.695 ,  0.059 ,  16.613
1ijy , A , 1 , 122 ,  11.196 ,  0.053 ,  16.764
1wj0 , A , 1 , 58 ,  10.326 ,  0.054 ,  11.277
2hfq , A , 1 , 85 ,  11.189 ,  0.054 ,  12.680
3ak8 , F , 1 , 164 ,  8.585 ,  0.045 ,  18.014
1qys , A , 1 , 91 ,  13.975 ,  0.056 ,  12.434
1dy5 , A , 1 , 123 ,  8.676 ,  0.050 ,  37.734
3kan , A , 1 , 125 ,  10.782 ,  0.047 ,  15.242
1tx4 , A , 1 , 196 ,  4.438 ,  0.050 ,  16.999
1u84 , A , 1 , 81 ,  18.182 ,  0.059 ,  12.099
2hi6 , A , 1 , 132 ,  8.235 ,  0.067 ,  13.820
2wqf , A , 1 , 193 ,  9.339 ,  0.041 ,  25.495
1h3l , B , 1 , 78 ,  10.000 ,  0.044 ,  14.214
1pc6 , A , 1 , 141 ,  0.840 ,  0.021 ,  22.014
2rff , A , 1 , 118 ,  12.864 ,  0.052 ,  14.178
1h8g , A , 1 , 92 ,  7.666 ,  0.031 ,  17.947
1jg5 , A , 1 , 83 ,  7.823 ,  0.055 ,  13.724
3c5n , A , 1 , 232 ,  7.927 ,  0.053 ,  80.774
2ny1 , A , 1 , 305 ,  8.177 ,  0.042 ,  22.691
1s9u , A , 1 , 198 ,  6.285 ,  0.050 ,  16.956
1f3m , A , 1 , 70 ,  5.882 ,  0.029 ,  15.681
3fgx , A , 1 , 96 ,  9.464 ,  0.044 ,  14.425
3c8l , B , 1 , 124 ,  10.950 ,  0.044 ,  16.337
1x6z , A , 1 , 119 ,  8.390 ,  0.047 ,  43.144
1ryk , A , 1 , 69 ,  18.519 ,  0.057 ,  11.603
1o5e , L , 1 , 110 ,  11.699 ,  0.055 ,  21.509
1okc , A , 1 , 292 ,  5.951 ,  0.042 ,  20.402
3sj5 , A , 1 , 195 ,  4.430 ,  0.046 ,  17.206
3fea , A , 1 , 83 ,  9.310 ,  0.054 ,  12.711
2raa , A , 1 , 176 ,  8.828 ,  0.059 ,  16.456
1kmt , A , 1 , 138 ,  9.766 ,  0.043 ,  22.765
1auu , A , 1 , 55 ,  10.215 ,  0.052 ,  17.538
1rya , A , 1 , 160 ,  8.247 ,  0.053 ,  16.495
2wsc , K , 1 , 84 ,  8.333 ,  0.014 ,  24.593
2wsc , N , 1 , 85 ,  2.752 ,  0.007 ,  29.607
2wcw , C , 1 , 122 ,  8.372 ,  0.057 ,  14.937
1ev0 , A , 1 , 58 ,  11.656 ,  0.028 ,  18.721
2j7a , C , 1 , 146 ,  6.186 ,  0.031 ,  21.092
1uyl , A , 1 , 207 ,  7.895 ,  0.054 ,  17.162
3gby , A , 1 , 130 ,  4.184 ,  0.045 ,  15.955
1hyw , A , 1 , 58 ,  14.796 ,  0.058 ,  11.482
1d2t , A , 1 , 222 ,  6.854 ,  0.053 ,  20.311
1hcc , A , 1 , 59 ,  11.111 ,  0.045 ,  12.917
1vsr , A , 1 , 134 ,  8.176 ,  0.048 ,  15.422
4ubp , A , 1 , 100 ,  12.286 ,  0.050 ,  19.604
1j8e , A , 1 , 44 ,  8.271 ,  0.053 ,  10.286
1du2 , A , 1 , 76 ,  10.145 ,  0.023 ,  18.021
1hq1 , A , 1 , 76 ,  11.197 ,  0.055 ,  12.309
2oqz , A , 1 , 205 ,  6.735 ,  0.051 ,  17.389
2fr5 , B , 1 , 134 ,  13.071 ,  0.056 ,  16.045
1g2r , A , 1 , 98 ,  15.789 ,  0.055 ,  13.402
3b8p , B , 1 , 173 ,  5.799 ,  0.025 ,  21.909
2xov , A , 1 , 182 ,  9.971 ,  0.055 ,  16.511
1fqj , C , 1 , 38 ,  7.339 ,  0.044 ,  14.308
1mk0 , A , 1 , 97 ,  10.914 ,  0.057 ,  14.471
1daq , A , 1 , 71 ,  13.615 ,  0.058 ,  12.032
1tdp , A , 1 , 111 ,  12.533 ,  0.058 ,  13.363
2fwh , A , 1 , 134 ,  9.189 ,  0.064 ,  13.666
2qhq , B , 1 , 118 ,  10.553 ,  0.052 ,  15.824
3s4m , A , 1 , 121 ,  12.593 ,  0.053 ,  13.999
2i3f , A , 1 , 211 ,  8.438 ,  0.057 ,  16.900
2vb1 , A , 1 , 164 ,  8.966 ,  0.076 ,  28.909
2cyj , A , 1 , 117 ,  9.524 ,  0.062 ,  13.410
1njh , A , 1 , 107 ,  10.959 ,  0.055 ,  13.576
1e0g , A , 1 , 48 ,  16.667 ,  0.062 ,  10.450
2fi0 , A , 1 , 79 ,  6.294 ,  0.061 ,  12.422
1o6a , A , 1 , 89 ,  4.068 ,  0.026 ,  17.756
2aib , A , 1 , 98 ,  11.976 ,  0.052 ,  13.957
1g10 , A , 1 , 102 ,  9.317 ,  0.041 ,  16.961
2gyk , B , 1 , 130 ,  7.484 ,  0.055 ,  14.187
1go4 , B , 1 , 195 ,  10.030 ,  0.048 ,  17.344
3hht , A , 1 , 201 ,  1.757 ,  0.031 ,  28.729
2ogf , A , 1 , 121 ,  7.026 ,  0.038 ,  16.360
2i3h , B , 1 , 95 ,  5.723 ,  0.053 ,  16.749
2i9x , A , 1 , 81 ,  9.237 ,  0.043 ,  16.274
2hly , A , 1 , 206 ,  7.524 ,  0.053 ,  17.433
3sm4 , C , 1 , 229 ,  6.258 ,  0.046 ,  18.307
1hq0 , A , 1 , 295 ,  6.667 ,  0.061 ,  18.348
1fgp , A , 1 , 70 ,  13.223 ,  0.065 ,  11.585
1kq6 , A , 1 , 138 ,  10.090 ,  0.039 ,  16.514
1tx9 , A , 1 , 141 ,  9.939 ,  0.056 ,  18.241
2bj0 , A , 1 , 203 ,  8.112 ,  0.038 ,  21.382
3pvv , A , 1 , 96 ,  21.613 ,  0.064 ,  13.390
1jsu , C , 1 , 69 ,  2.073 ,  0.009 ,  21.869
2iaz , A , 1 , 105 ,  5.570 ,  0.021 ,  18.470
1ppj , I , 1 , 43 ,  5.607 ,  0.021 ,  23.912
2yyv , B , 1 , 224 ,  8.496 ,  0.062 ,  17.635
1cf4 , B , 1 , 44 ,  2.857 ,  0.010 ,  18.100
3nl9 , A , 1 , 167 ,  2.389 ,  0.029 ,  18.921
1t50 , A , 1 , 58 ,  7.979 ,  0.052 ,  11.236
2e6i , A , 1 , 64 ,  3.356 ,  0.012 ,  20.363
2nq2 , A , 1 , 308 ,  8.725 ,  0.049 ,  20.407
1vpu , A , 1 , 45 ,  20.301 ,  0.070 ,  31.418
1lre , A , 1 , 81 ,  11.481 ,  0.041 ,  13.724
2ju4 , A , 1 , 87 ,  1.395 ,  0.017 ,  68.293
1qhl , A , 1 , 203 ,  5.710 ,  0.056 ,  16.778
1iie , A , 1 , 75 ,  4.292 ,  0.017 ,  18.624
2g03 , A , 1 , 183 ,  6.509 ,  0.059 ,  16.621
1wn2 , A , 1 , 118 ,  10.934 ,  0.058 ,  14.466
1jhf , B , 1 , 111 ,  7.557 ,  0.048 ,  16.223
2ox6 , D , 1 , 161 ,  5.753 ,  0.034 ,  19.406
1d66 , A , 1 , 57 ,  1.657 ,  0.011 ,  20.793
1huf , A , 1 , 123 ,  7.328 ,  0.061 ,  14.386
5csm , A , 1 , 250 ,  8.124 ,  0.040 ,  19.630
1aa3 , A , 1 , 63 ,  16.019 ,  0.063 ,  11.010
1sed , A , 1 , 113 ,  6.173 ,  0.032 ,  18.076
1cwx , A , 1 , 44 ,  2.326 ,  0.014 ,  16.412
1ceu , A , 1 , 51 ,  6.173 ,  0.017 ,  15.687
1dhn , A , 1 , 121 ,  10.864 ,  0.040 ,  18.593
3cni , A , 1 , 145 ,  7.963 ,  0.048 ,  15.647
1hhn , A , 1 , 101 ,  4.610 ,  0.016 ,  22.775
3fyb , B , 1 , 85 ,  8.791 ,  0.033 ,  15.663
1exk , A , 1 , 79 ,  3.873 ,  0.021 ,  26.096
3fyl , A , 1 , 75 ,  11.462 ,  0.059 ,  12.329
1lsh , B , 1 , 178 ,  5.642 ,  0.025 ,  23.007
2k0s , A , 1 , 130 ,  6.667 ,  0.045 ,  15.541
1qoj , A , 1 , 44 ,  14.286 ,  0.039 ,  11.866
2jli , A , 1 , 112 ,  10.504 ,  0.070 ,  16.641
1h7d , A , 1 , 49 ,  3.333 ,  0.007 ,  26.234
2hs1 , A , 1 , 119 ,  9.109 ,  0.063 ,  14.221
1tmc , A , 1 , 175 ,  9.795 ,  0.042 ,  17.491
1f6v , A , 1 , 91 ,  10.749 ,  0.046 ,  15.971
1v6p , A , 1 , 74 ,  12.329 ,  0.056 ,  12.821
1wvq , C , 1 , 161 ,  0.979 ,  0.041 ,  18.378
1mkn , A , 1 , 59 ,  12.805 ,  0.037 ,  21.148
1kid , A , 1 , 193 ,  6.883 ,  0.053 ,  18.013
1nc7 , A , 1 , 113 ,  8.916 ,  0.044 ,  15.399
1xs0 , C , 1 , 129 ,  9.843 ,  0.058 ,  15.053
1xe1 , A , 1 , 89 ,  14.019 ,  0.067 ,  13.485
1cfa , A , 1 , 71 ,  9.449 ,  0.059 ,  13.232
3b9g , B , 1 , 328 ,  9.084 ,  0.065 ,  18.507
2j5g , K , 1 , 250 ,  7.906 ,  0.056 ,  21.319
3hms , A , 1 , 96 ,  13.120 ,  0.069 ,  12.286
1bgf , A , 1 , 124 ,  3.786 ,  0.044 ,  16.667
1gux , B , 1 , 141 ,  7.453 ,  0.056 ,  17.030
1ryl , A , 1 , 157 ,  7.473 ,  0.051 ,  16.324
1dj8 , A , 1 , 79 ,  13.600 ,  0.056 ,  12.758
1iml , A , 1 , 76 ,  7.563 ,  0.035 ,  14.853
1b79 , B , 1 , 103 ,  9.459 ,  0.063 ,  14.261
1fre , A , 1 , 39 ,  5.691 ,  0.067 ,  9.326
1pp0 , B , 1 , 194 ,  8.181 ,  0.047 ,  18.784
1wpu , A , 1 , 147 ,  8.088 ,  0.050 ,  16.614
3o1c , A , 1 , 137 ,  8.922 ,  0.061 ,  13.987
1wzd , A , 1 , 209 ,  8.077 ,  0.052 ,  16.857
3k7p , A , 1 , 158 ,  14.125 ,  0.063 ,  15.728
1aks , A , 1 , 125 ,  8.951 ,  0.047 ,  24.718
2q22 , A , 1 , 129 ,  13.229 ,  0.054 ,  14.838
2gjv , A , 1 , 136 ,  7.054 ,  0.040 ,  18.739
1dev , B , 1 , 41 ,  6.061 ,  0.010 ,  21.340
2jz8 , A , 1 , 87 ,  8.203 ,  0.044 ,  13.859
3fp5 , A , 1 , 109 ,  6.329 ,  0.043 ,  14.633
1ucd , A , 1 , 190 ,  6.638 ,  0.053 ,  16.168
1ah7 , A , 1 , 245 ,  9.664 ,  0.055 ,  18.445
2fyu , F , 1 , 106 ,  5.376 ,  0.027 ,  22.082
1j8b , A , 1 , 88 ,  8.176 ,  0.023 ,  18.555
1jiw , I , 1 , 105 ,  10.484 ,  0.058 ,  14.955
1fd3 , A , 1 , 41 ,  17.647 ,  0.075 ,  10.486
2xl6 , A , 1 , 151 ,  10.504 ,  0.054 ,  15.392
1e8p , A , 1 , 46 ,  22.059 ,  0.073 ,  9.447
2pnw , A , 2 , 357 ,  2.853 ,  0.044 ,  22.050
3ku3 , A , 2 , 328 ,  1.460 ,  0.019 ,  29.548
1exn , A , 2 , 267 ,  4.505 ,  0.043 ,  20.720
1chk , A , 2 , 238 ,  2.112 ,  0.043 ,  19.255
2ahr , C , 2 , 249 ,  2.646 ,  0.031 ,  24.578
1orb , A , 2 , 293 ,  4.706 ,  0.052 ,  19.948
3ca8 , A , 2 , 266 ,  5.479 ,  0.051 ,  20.331
3rk1 , B , 2 , 218 ,  3.875 ,  0.050 ,  17.630
1rkq , A , 2 , 271 ,  4.428 ,  0.055 ,  18.533
1cyy , A , 2 , 251 ,  1.328 ,  0.021 ,  26.954
3bl4 , A , 2 , 119 ,  1.809 ,  0.022 ,  18.687
1zym , A , 2 , 247 ,  4.266 ,  0.035 ,  22.685
1qs2 , A , 2 , 401 ,  3.338 ,  0.042 ,  23.112
3cwc , A , 2 , 362 ,  2.849 ,  0.039 ,  23.628
2hbw , A , 2 , 251 ,  4.608 ,  0.052 ,  18.704
2bw0 , A , 2 , 309 ,  2.915 ,  0.036 ,  21.982
2trc , P , 2 , 212 ,  0.803 ,  0.017 ,  31.748
1a79 , A , 2 , 171 ,  1.562 ,  0.041 ,  18.255
1ybi , A , 2 , 284 ,  1.055 ,  0.034 ,  24.405
2rdz , A , 2 , 443 ,  4.911 ,  0.043 ,  23.176
3rf3 , B , 2 , 258 ,  2.480 ,  0.018 ,  107.591
2cx0 , A , 2 , 181 ,  4.348 ,  0.047 ,  17.540
1c0m , A , 2 , 221 ,  4.368 ,  0.040 ,  19.265
2qj2 , A , 2 , 179 ,  0.750 ,  0.040 ,  18.623
2i5v , O , 2 , 259 ,  3.794 ,  0.023 ,  24.199
3s46 , A , 2 , 366 ,  4.549 ,  0.034 ,  24.824
1wte , B , 2 , 272 ,  2.910 ,  0.028 ,  23.126
1fpo , A , 2 , 171 ,  2.229 ,  0.024 ,  20.670
1lbu , A , 2 , 214 ,  7.506 ,  0.053 ,  18.022
1vfg , A , 2 , 342 ,  2.342 ,  0.028 ,  24.657
1a3g , A , 2 , 295 ,  2.840 ,  0.044 ,  20.079
2r6i , A , 2 , 263 ,  5.263 ,  0.036 ,  22.257
1fn9 , A , 2 , 365 ,  2.691 ,  0.039 ,  25.063
1a6q , A , 2 , 363 ,  4.192 ,  0.043 ,  22.742
1x3l , A , 2 , 436 ,  1.918 ,  0.037 ,  25.050
1tua , A , 2 , 189 ,  1.740 ,  0.037 ,  19.845
1hv9 , A , 2 , 449 ,  1.438 ,  0.019 ,  47.869
2bmo , A , 2 , 469 ,  4.256 ,  0.052 ,  23.445
2wxu , A , 2 , 361 ,  4.141 ,  0.048 ,  22.173
3don , A , 2 , 265 ,  3.435 ,  0.044 ,  19.442
1d2h , A , 2 , 252 ,  5.085 ,  0.048 ,  18.702
1rqu , A , 2 , 120 ,  0.465 ,  0.006 ,  31.497
2phn , A , 2 , 273 ,  3.626 ,  0.048 ,  19.773
1vl2 , D , 2 , 389 ,  4.768 ,  0.035 ,  25.045
1tfe , A , 2 , 142 ,  3.656 ,  0.032 ,  18.125
1qlm , A , 2 , 316 ,  6.183 ,  0.058 ,  21.287
3h9v , A , 2 , 329 ,  4.153 ,  0.016 ,  30.478
1xr4 , A , 2 , 494 ,  7.147 ,  0.040 ,  26.564
1b8f , A , 2 , 506 ,  2.519 ,  0.034 ,  26.727
1feu , A , 2 , 185 ,  3.212 ,  0.026 ,  21.070
1j7x , A , 2 , 298 ,  3.006 ,  0.034 ,  23.245
3md2 , A , 2 , 142 ,  5.472 ,  0.059 ,  14.336
1wer , A , 2 , 324 ,  5.913 ,  0.032 ,  23.614
1dc1 , A , 2 , 310 ,  1.741 ,  0.027 ,  25.709
1x9y , A , 2 , 346 ,  5.969 ,  0.050 ,  20.427
2dkj , A , 2 , 402 ,  4.327 ,  0.048 ,  21.865
1wlf , A , 2 , 164 ,  4.441 ,  0.053 ,  15.721
1duw , A , 2 , 289 ,  2.935 ,  0.028 ,  23.361
1g38 , A , 2 , 393 ,  1.262 ,  0.033 ,  24.269
1now , A , 2 , 480 ,  4.176 ,  0.043 ,  24.150
2oez , A , 2 , 265 ,  4.576 ,  0.032 ,  22.952
1ual , A , 2 , 243 ,  0.111 ,  0.024 ,  93.298
1cip , A , 2 , 316 ,  1.155 ,  0.042 ,  21.420
1rku , A , 2 , 206 ,  4.515 ,  0.045 ,  18.263
2arz , A , 2 , 239 ,  4.329 ,  0.048 ,  19.466
1kb0 , A , 2 , 675 ,  6.348 ,  0.058 ,  24.636
1po3 , A , 2 , 647 ,  6.994 ,  0.052 ,  24.782
2ibd , A , 2 , 200 ,  7.787 ,  0.037 ,  18.678
2nnu , A , 2 , 201 ,  3.984 ,  0.026 ,  21.611
1jhd , A , 2 , 396 ,  6.423 ,  0.045 ,  21.954
1cjc , A , 2 , 455 ,  3.766 ,  0.040 ,  23.866
2bgh , A , 2 , 413 ,  4.057 ,  0.049 ,  21.690
3hbu , P , 2 , 463 ,  3.888 ,  0.035 ,  26.814
1n6c , A , 2 , 283 ,  2.120 ,  0.038 ,  22.151
2elc , A , 2 , 329 ,  5.176 ,  0.057 ,  23.554
3prc , C , 2 , 333 ,  6.852 ,  0.039 ,  24.295
1sj8 , A , 2 , 297 ,  7.777 ,  0.034 ,  23.533
3kjd , B , 2 , 353 ,  3.304 ,  0.045 ,  22.522
3feg , A , 2 , 360 ,  1.508 ,  0.042 ,  22.215
2p62 , A , 2 , 241 ,  6.129 ,  0.042 ,  21.150
1lqs , L , 2 , 142 ,  3.024 ,  0.018 ,  21.886
2z6r , A , 2 , 264 ,  2.420 ,  0.040 ,  23.104
2e6f , A , 2 , 312 ,  7.035 ,  0.060 ,  20.634
1knx , B , 2 , 304 ,  0.514 ,  0.020 ,  27.561
2fef , A , 2 , 283 ,  6.387 ,  0.049 ,  19.337
1xqs , C , 2 , 165 ,  3.297 ,  0.031 ,  19.846
1ng6 , A , 2 , 148 ,  2.852 ,  0.033 ,  17.940
1lck , A , 2 , 164 ,  3.220 ,  0.033 ,  22.670
1div , A , 2 , 149 ,  1.739 ,  0.012 ,  43.603
1nij , A , 2 , 317 ,  5.852 ,  0.043 ,  21.392
1ush , A , 2 , 515 ,  1.847 ,  0.043 ,  24.847
1ev7 , A , 2 , 295 ,  1.701 ,  0.030 ,  24.863
2o62 , A , 2 , 275 ,  4.817 ,  0.052 ,  18.662
2xn6 , A , 2 , 349 ,  4.693 ,  0.043 ,  21.682
1h4a , X , 2 , 174 ,  1.273 ,  0.049 ,  17.388
2ra8 , A , 2 , 339 ,  1.923 ,  0.035 ,  22.823
3c9u , A , 2 , 308 ,  6.083 ,  0.050 ,  22.992
3q8g , A , 2 , 310 ,  7.193 ,  0.048 ,  19.635
2qbw , A , 2 , 191 ,  3.536 ,  0.030 ,  19.965
1ewf , A , 2 , 474 ,  3.679 ,  0.016 ,  36.933
2v3z , A , 2 , 465 ,  2.188 ,  0.035 ,  27.194
1br9 , A , 2 , 182 ,  2.496 ,  0.040 ,  18.200
3eam , A , 2 , 311 ,  2.128 ,  0.015 ,  30.759
3gyx , A , 2 , 662 ,  5.449 ,  0.052 ,  28.451
1ryi , A , 2 , 365 ,  5.474 ,  0.048 ,  36.044
1on2 , A , 2 , 135 ,  2.144 ,  0.031 ,  22.489
1b37 , A , 2 , 459 ,  4.853 ,  0.046 ,  26.827
1xub , A , 2 , 290 ,  4.211 ,  0.057 ,  18.690
2pqc , A , 2 , 445 ,  3.010 ,  0.052 ,  29.530
1sei , A , 2 , 130 ,  4.043 ,  0.049 ,  15.421
2ewj , A , 2 , 305 ,  2.870 ,  0.029 ,  23.905
1i7o , A , 2 , 421 ,  2.483 ,  0.050 ,  21.901
3bwh , A , 2 , 244 ,  4.357 ,  0.052 ,  18.042
1vme , B , 2 , 404 ,  2.414 ,  0.035 ,  24.918
1poi , A , 2 , 317 ,  6.877 ,  0.049 ,  20.264
3bqw , A , 2 , 347 ,  5.304 ,  0.037 ,  23.023
3bu2 , A , 2 , 189 ,  0.893 ,  0.027 ,  22.463
1wpb , O , 2 , 168 ,  0.485 ,  0.018 ,  35.653
1mow , G , 2 , 233 ,  5.731 ,  0.037 ,  21.419
3n81 , G , 2 , 503 ,  4.535 ,  0.048 ,  30.650
1p5q , A , 2 , 281 ,  2.406 ,  0.020 ,  27.794
1uun , A , 2 , 184 ,  1.312 ,  0.011 ,  30.471
3e00 , A , 2 , 289 ,  0.000 ,  0.021 ,  26.450
1txg , A , 2 , 335 ,  2.939 ,  0.049 ,  21.814
1js8 , A , 2 , 382 ,  6.342 ,  0.051 ,  22.725
1k82 , B , 2 , 260 ,  3.033 ,  0.040 ,  19.840
2vsg , A , 2 , 358 ,  1.869 ,  0.015 ,  31.668
1ii7 , A , 2 , 333 ,  3.663 ,  0.039 ,  22.533
1lko , A , 2 , 191 ,  6.584 ,  0.032 ,  20.689
1eqf , A , 2 , 267 ,  3.128 ,  0.036 ,  21.267
2h88 , B , 2 , 239 ,  4.643 ,  0.033 ,  21.729
1g1t , A , 2 , 157 ,  1.983 ,  0.042 ,  20.845
1n4w , A , 2 , 544 ,  5.592 ,  0.059 ,  32.837
3agf , A , 2 , 299 ,  7.432 ,  0.061 ,  19.703
1fjr , A , 2 , 188 ,  4.620 ,  0.045 ,  17.874
1hdh , A , 2 , 524 ,  7.592 ,  0.059 ,  22.932
1ocy , A , 2 , 198 ,  2.448 ,  0.013 ,  27.306
3b8m , C , 2 , 255 ,  2.810 ,  0.010 ,  33.104
2r9q , A , 2 , 327 ,  5.338 ,  0.047 ,  21.102
1evl , A , 2 , 401 ,  3.742 ,  0.033 ,  29.032
1su3 , A , 2 , 415 ,  1.769 ,  0.034 ,  25.357
1y7m , A , 2 , 161 ,  4.708 ,  0.047 ,  17.175
3b4n , A , 2 , 316 ,  6.859 ,  0.053 ,  20.791
1vin , A , 2 , 252 ,  5.519 ,  0.052 ,  18.958
2jz4 , A , 2 , 299 ,  0.190 ,  0.020 ,  25.767
3im9 , A , 2 , 313 ,  5.934 ,  0.053 ,  21.661
1af7 , A , 2 , 274 ,  3.269 ,  0.037 ,  21.620
1ccw , B , 2 , 483 ,  7.065 ,  0.057 ,  23.460
1dw9 , A , 2 , 152 ,  1.130 ,  0.029 ,  18.718
1yz9 , A , 2 , 220 ,  3.279 ,  0.024 ,  23.079
1vcb , C , 2 , 142 ,  4.633 ,  0.036 ,  19.883
2a06 , B , 2 , 423 ,  2.779 ,  0.042 ,  29.777
2bf6 , A , 2 , 449 ,  7.107 ,  0.053 ,  23.314
2v2g , D , 2 , 219 ,  1.703 ,  0.034 ,  20.315
2d1c , A , 2 , 495 ,  2.251 ,  0.034 ,  28.091
2phc , B , 2 , 216 ,  1.170 ,  0.030 ,  21.276
1j5q , A , 2 , 413 ,  5.025 ,  0.041 ,  23.917
1w3f , A , 2 , 312 ,  3.723 ,  0.017 ,  30.865
1qd1 , A , 2 , 329 ,  1.457 ,  0.053 ,  20.061
2z37 , A , 2 , 250 ,  5.668 ,  0.057 ,  17.549
1z0s , A , 2 , 249 ,  2.454 ,  0.045 ,  19.504
1ytb , A , 2 , 180 ,  2.411 ,  0.027 ,  21.256
1q7e , A , 2 , 413 ,  2.711 ,  0.027 ,  26.949
1m1h , A , 2 , 182 ,  1.408 ,  0.030 ,  20.137
1l5o , A , 2 , 346 ,  8.400 ,  0.053 ,  21.124
1kgd , A , 2 , 181 ,  5.677 ,  0.044 ,  17.373
2vqe , D , 2 , 208 ,  4.819 ,  0.043 ,  25.484
3bb0 , A , 2 , 575 ,  6.676 ,  0.055 ,  23.213
1ra0 , A , 2 , 423 ,  5.304 ,  0.049 ,  24.485
1jj2 , K , 2 , 145 ,  0.624 ,  0.008 ,  30.326
1ssq , A , 2 , 241 ,  4.885 ,  0.049 ,  19.523
3n4i , B , 2 , 165 ,  6.487 ,  0.044 ,  16.959
3c8c , B , 2 , 265 ,  2.139 ,  0.038 ,  21.291
2ghj , B , 2 , 90 ,  0.623 ,  0.013 ,  21.748
3cov , A , 2 , 288 ,  4.101 ,  0.045 ,  19.228
1xqo , A , 2 , 254 ,  2.843 ,  0.051 ,  18.411
2wr1 , C , 2 , 485 ,  1.884 ,  0.013 ,  37.605
2pif , A , 2 , 244 ,  4.111 ,  0.051 ,  19.742
3p0b , A , 2 , 530 ,  4.276 ,  0.051 ,  23.159
1iak , B , 2 , 185 ,  1.132 ,  0.015 ,  26.428
1n93 , X , 2 , 335 ,  2.213 ,  0.024 ,  26.604
2dpm , A , 2 , 258 ,  3.204 ,  0.042 ,  20.331
1vzy , A , 2 , 290 ,  1.079 ,  0.040 ,  22.376
3i4d , H , 2 , 245 ,  2.497 ,  0.025 ,  27.654
2qia , A , 2 , 262 ,  5.472 ,  0.042 ,  20.186
2zp1 , A , 2 , 308 ,  5.970 ,  0.043 ,  20.950
1i2a , A , 2 , 212 ,  1.675 ,  0.036 ,  19.783
2e5y , A , 2 , 133 ,  4.120 ,  0.042 ,  16.927
1clc , A , 2 , 541 ,  6.772 ,  0.049 ,  25.894
1s2o , A , 2 , 244 ,  5.059 ,  0.045 ,  18.633
1mgp , A , 2 , 270 ,  6.867 ,  0.054 ,  19.963
1t2d , A , 2 , 315 ,  7.172 ,  0.053 ,  19.903
1xt0 , B , 2 , 200 ,  4.453 ,  0.037 ,  21.463
1r1h , A , 2 , 696 ,  3.712 ,  0.043 ,  26.953
1v33 , A , 2 , 346 ,  5.259 ,  0.041 ,  22.705
1k30 , A , 2 , 363 ,  4.251 ,  0.047 ,  21.844
1a8v , A , 2 , 115 ,  3.148 ,  0.045 ,  14.888
2pv7 , A , 2 , 270 ,  2.200 ,  0.029 ,  23.372
3c2u , A , 2 , 549 ,  4.174 ,  0.050 ,  25.114
1c7c , A , 2 , 283 ,  0.730 ,  0.032 ,  21.936
1r0m , A , 2 , 360 ,  5.211 ,  0.050 ,  21.082
1rzh , M , 2 , 301 ,  4.861 ,  0.026 ,  25.140
2fpn , A , 2 , 198 ,  1.903 ,  0.010 ,  29.860
1n7u , A , 2 , 554 ,  1.724 ,  0.012 ,  43.222
1a41 , A , 2 , 221 ,  2.927 ,  0.036 ,  30.363
2c7p , A , 2 , 329 ,  4.578 ,  0.049 ,  21.952
3jr3 , A , 2 , 238 ,  4.190 ,  0.043 ,  19.161
3cwv , A , 2 , 350 ,  3.116 ,  0.039 ,  22.414
1vqz , A , 2 , 327 ,  4.163 ,  0.043 ,  21.030
2c0g , A , 2 , 229 ,  0.462 ,  0.029 ,  22.417
1e3a , A , 2 , 258 ,  4.376 ,  0.022 ,  24.186
2aaf , B , 2 , 408 ,  5.060 ,  0.048 ,  23.137
1o9i , A , 2 , 266 ,  5.274 ,  0.022 ,  25.092
1dl5 , A , 2 , 317 ,  6.333 ,  0.043 ,  21.069
2a9d , A , 2 , 369 ,  6.245 ,  0.048 ,  21.007
1dkg , A , 2 , 158 ,  1.656 ,  0.007 ,  32.378
1ppr , M , 2 , 312 ,  5.833 ,  0.038 ,  22.427
2i71 , A , 2 , 366 ,  3.373 ,  0.033 ,  24.686
3c24 , A , 2 , 278 ,  4.640 ,  0.034 ,  22.005
2ph7 , A , 2 , 214 ,  3.279 ,  0.043 ,  22.420
2fb5 , A , 2 , 204 ,  3.071 ,  0.036 ,  21.882
2jhf , A , 2 , 392 ,  4.595 ,  0.053 ,  21.112
1al6 , A , 2 , 435 ,  4.257 ,  0.047 ,  22.223
1eqj , A , 2 , 508 ,  1.252 ,  0.049 ,  24.272
2auw , A , 2 , 156 ,  3.584 ,  0.031 ,  19.767
2o2k , A , 2 , 339 ,  5.035 ,  0.039 ,  22.665
3qxz , A , 2 , 267 ,  5.519 ,  0.046 ,  20.693
1lnz , A , 2 , 332 ,  4.022 ,  0.019 ,  30.443
1k5n , A , 2 , 285 ,  0.602 ,  0.027 ,  23.522
1dzf , A , 2 , 211 ,  3.856 ,  0.040 ,  21.526
1qiu , A , 2 , 264 ,  1.211 ,  0.018 ,  28.108
1ux6 , A , 2 , 335 ,  5.459 ,  0.044 ,  21.379
1jgt , A , 2 , 490 ,  3.200 ,  0.051 ,  25.016
1x1o , B , 2 , 276 ,  4.340 ,  0.029 ,  24.247
2glf , A , 2 , 437 ,  2.438 ,  0.042 ,  23.868
1d3y , A , 2 , 289 ,  5.096 ,  0.036 ,  21.698
1kq3 , A , 2 , 364 ,  5.123 ,  0.052 ,  21.127
1emu , A , 2 , 136 ,  4.780 ,  0.041 ,  17.964
2cnd , A , 2 , 260 ,  1.603 ,  0.047 ,  18.837
2psp , A , 2 , 105 ,  4.237 ,  0.037 ,  32.195
3iac , A , 2 , 468 ,  4.837 ,  0.046 ,  24.311
1prt , B , 2 , 196 ,  3.034 ,  0.038 ,  18.917
2haw , A , 2 , 315 ,  2.722 ,  0.054 ,  22.607
1msk , A , 2 , 327 ,  4.797 ,  0.041 ,  21.367
1hnj , A , 2 , 317 ,  9.520 ,  0.060 ,  19.304
3h90 , A , 2 , 283 ,  6.268 ,  0.022 ,  26.018
1k2f , A , 2 , 190 ,  7.419 ,  0.039 ,  19.155
1q33 , A , 2 , 291 ,  2.089 ,  0.037 ,  22.066
2hun , A , 2 , 329 ,  4.240 ,  0.050 ,  21.192
1hbn , B , 2 , 442 ,  2.793 ,  0.042 ,  24.453
1qhd , A , 2 , 397 ,  2.752 ,  0.022 ,  28.712
1qr0 , A , 2 , 228 ,  4.116 ,  0.041 ,  20.714
2hxv , A , 2 , 349 ,  2.045 ,  0.036 ,  23.107
3nt1 , A , 2 , 555 ,  5.439 ,  0.047 ,  24.649
3jyu , B , 2 , 213 ,  1.969 ,  0.023 ,  23.828
3cj8 , B , 3 , 213 ,  1.730 ,  0.024 ,  23.514
1inp , A , 3 , 400 ,  6.918 ,  0.050 ,  26.829
1l1l , A , 3 , 717 ,  3.458 ,  0.046 ,  27.138
1fa0 , A , 3 , 509 ,  2.834 ,  0.037 ,  27.400
1cuk , A , 3 , 190 ,  2.266 ,  0.033 ,  18.931
1fcd , A , 3 , 401 ,  2.622 ,  0.048 ,  21.543
1jey , B , 3 , 530 ,  2.233 ,  0.024 ,  29.698
1ddg , A , 3 , 378 ,  3.169 ,  0.036 ,  23.311
1pmi , A , 3 , 440 ,  3.712 ,  0.042 ,  23.884
1w27 , A , 3 , 689 ,  3.062 ,  0.025 ,  34.097
1yqy , A , 3 , 514 ,  4.357 ,  0.039 ,  25.349
1gql , A , 3 , 705 ,  6.318 ,  0.047 ,  26.004
2ptr , B , 3 , 456 ,  3.284 ,  0.021 ,  31.025
3bl9 , B , 3 , 289 ,  0.660 ,  0.025 ,  23.871
1jet , A , 3 , 517 ,  3.908 ,  0.049 ,  23.007
1r0v , A , 3 , 244 ,  3.556 ,  0.032 ,  21.613
1vcl , A , 3 , 431 ,  3.246 ,  0.044 ,  23.174
3kfl , A , 3 , 535 ,  2.664 ,  0.037 ,  26.469
2op9 , A , 3 , 302 ,  3.200 ,  0.035 ,  23.155
3swo , B , 3 , 398 ,  5.669 ,  0.051 ,  22.197
2ala , A , 3 , 384 ,  1.848 ,  0.011 ,  41.378
2q0u , A , 3 , 354 ,  2.498 ,  0.046 ,  21.277
1d4v , A , 3 , 117 ,  2.885 ,  0.014 ,  24.786
1ki0 , A , 3 , 253 ,  0.454 ,  0.027 ,  24.031
3hn4 , A , 3 , 259 ,  6.081 ,  0.040 ,  20.060
1mox , A , 3 , 499 ,  0.859 ,  0.031 ,  27.399
1kl7 , A , 3 , 503 ,  5.062 ,  0.052 ,  22.841
1e8b , A , 3 , 160 ,  1.600 ,  0.036 ,  17.654
1r8e , A , 3 , 275 ,  0.998 ,  0.012 ,  31.718
1vq8 , P , 3 , 143 ,  1.386 ,  0.005 ,  39.966
1opl , B , 3 , 365 ,  3.157 ,  0.028 ,  27.152
3gku , A , 3 , 199 ,  5.219 ,  0.014 ,  27.745
3mvq , A , 3 , 495 ,  1.160 ,  0.044 ,  25.934
2re3 , A , 3 , 186 ,  4.971 ,  0.039 ,  18.843
1fzc , B , 3 , 308 ,  1.663 ,  0.034 ,  24.179
1k97 , A , 3 , 432 ,  5.166 ,  0.032 ,  26.967
1a1v , A , 3 , 429 ,  2.438 ,  0.038 ,  27.415
2ck3 , A , 3 , 491 ,  4.799 ,  0.038 ,  29.044
2oas , A , 3 , 420 ,  4.056 ,  0.046 ,  23.451
1u09 , A , 3 , 476 ,  4.596 ,  0.043 ,  23.666
1io1 , A , 3 , 395 ,  2.689 ,  0.013 ,  34.973
1rwh , A , 3 , 755 ,  4.586 ,  0.042 ,  28.391
3k75 , E , 3 , 246 ,  6.498 ,  0.035 ,  21.225
2zbk , B , 3 , 506 ,  2.431 ,  0.023 ,  32.918
1uxy , A , 3 , 340 ,  5.155 ,  0.048 ,  20.425
2iah , A , 3 , 752 ,  6.282 ,  0.041 ,  31.085
1jec , A , 3 , 510 ,  1.361 ,  0.033 ,  26.795
2g50 , A , 3 , 546 ,  6.987 ,  0.045 ,  25.010
3bh1 , A , 3 , 493 ,  2.715 ,  0.033 ,  32.474
2dsj , A , 3 , 423 ,  6.170 ,  0.049 ,  23.571
3ffk , A , 3 , 351 ,  0.143 ,  0.015 ,  30.942
1nuh , A , 3 , 555 ,  3.755 ,  0.039 ,  26.996
3moh , A , 3 , 614 ,  3.595 ,  0.050 ,  24.464
3g4n , A , 3 , 449 ,  1.777 ,  0.017 ,  32.142
1p9b , A , 3 , 424 ,  6.410 ,  0.050 ,  23.896
1e8c , A , 3 , 482 ,  3.480 ,  0.041 ,  26.636
3eb7 , C , 3 , 589 ,  4.502 ,  0.043 ,  27.196
1c4z , A , 3 , 350 ,  4.344 ,  0.030 ,  26.452
1oip , A , 3 , 251 ,  7.082 ,  0.050 ,  18.031
1fc9 , A , 3 , 386 ,  5.236 ,  0.040 ,  24.260
1wet , A , 3 , 338 ,  5.346 ,  0.026 ,  26.715
2he7 , A , 3 , 297 ,  4.229 ,  0.038 ,  22.371
1h6w , A , 3 , 151 ,  0.670 ,  0.005 ,  35.527
1y8a , A , 3 , 324 ,  4.935 ,  0.054 ,  19.731
1knr , A , 3 , 529 ,  5.894 ,  0.054 ,  27.947
3o08 , A , 3 , 471 ,  3.522 ,  0.042 ,  25.440
2oza , A , 3 , 332 ,  2.924 ,  0.036 ,  24.523
1l8q , A , 3 , 317 ,  2.570 ,  0.024 ,  26.394
3ckc , A , 3 , 500 ,  6.498 ,  0.053 ,  22.062
2y1e , A , 3 , 374 ,  4.032 ,  0.053 ,  20.495
1lfw , A , 3 , 468 ,  3.226 ,  0.044 ,  23.672
2zyd , A , 3 , 464 ,  3.019 ,  0.037 ,  25.494
1bob , A , 3 , 306 ,  4.570 ,  0.034 ,  22.913
3abq , A , 3 , 460 ,  4.878 ,  0.055 ,  94.088
1f00 , I , 3 , 282 ,  2.189 ,  0.013 ,  31.567
1vq8 , B , 3 , 337 ,  1.461 ,  0.032 ,  32.248
2o36 , A , 3 , 654 ,  6.034 ,  0.040 ,  27.347
1p49 , A , 3 , 548 ,  5.268 ,  0.047 ,  25.583
2q0z , X , 3 , 282 ,  4.163 ,  0.034 ,  22.194
3a9s , A , 3 , 589 ,  2.978 ,  0.043 ,  25.738
1td6 , A , 3 , 286 ,  4.373 ,  0.044 ,  22.742
1ddt , A , 3 , 523 ,  2.751 ,  0.025 ,  29.573
2jkb , A , 3 , 689 ,  4.089 ,  0.042 ,  27.443
1sx3 , A , 3 , 525 ,  2.644 ,  0.035 ,  29.101
1u8v , A , 3 , 490 ,  5.103 ,  0.042 ,  26.219
1b47 , A , 3 , 304 ,  4.222 ,  0.039 ,  21.296
2g8y , B , 3 , 354 ,  6.815 ,  0.048 ,  22.910
1m1g , D , 3 , 239 ,  0.317 ,  0.020 ,  24.927
1sr8 , A , 3 , 282 ,  3.339 ,  0.041 ,  21.132
1bvp , 1 , 3 , 349 ,  0.611 ,  0.018 ,  32.891
2d5b , A , 3 , 500 ,  3.502 ,  0.034 ,  27.210
1ile , A , 3 , 821 ,  2.785 ,  0.025 ,  34.509
3lie , A , 3 , 266 ,  3.267 ,  0.035 ,  21.183
3ci0 , K , 3 , 280 ,  2.481 ,  0.039 ,  20.859
3c18 , A , 3 , 295 ,  1.013 ,  0.028 ,  24.193
2gno , A , 3 , 300 ,  1.751 ,  0.032 ,  23.185
1vio , A , 3 , 230 ,  4.947 ,  0.043 ,  19.340
1olz , A , 3 , 621 ,  4.091 ,  0.033 ,  29.035
1dde , A , 3 , 310 ,  4.677 ,  0.035 ,  23.005
2jan , A , 3 , 419 ,  3.871 ,  0.028 ,  26.242
1el6 , A , 3 , 208 ,  2.323 ,  0.017 ,  25.468
1cii , A , 3 , 602 ,  0.819 ,  0.004 ,  62.311
1np7 , B , 3 , 483 ,  5.813 ,  0.043 ,  24.506
1d5t , A , 3 , 433 ,  4.745 ,  0.045 ,  23.544
1w7c , A , 3 , 751 ,  4.720 ,  0.040 ,  56.218
2oq1 , A , 3 , 251 ,  1.289 ,  0.036 ,  20.982
1q25 , A , 3 , 428 ,  1.808 ,  0.040 ,  24.810
1b8x , A , 3 , 260 ,  4.773 ,  0.036 ,  22.338
3git , A , 3 , 422 ,  3.311 ,  0.049 ,  24.943
1nlt , A , 3 , 228 ,  2.781 ,  0.010 ,  31.884
1h6u , A , 3 , 308 ,  4.285 ,  0.025 ,  26.063
1ltl , A , 3 , 239 ,  6.415 ,  0.038 ,  21.560
3d1g , A , 3 , 366 ,  2.221 ,  0.028 ,  81.124
1ulk , A , 3 , 126 ,  5.428 ,  0.026 ,  18.388
2ck3 , F , 3 , 469 ,  3.160 ,  0.038 ,  27.389
1sox , A , 3 , 463 ,  5.927 ,  0.044 ,  25.262
1goi , A , 3 , 497 ,  5.016 ,  0.044 ,  26.374
1zja , A , 3 , 568 ,  5.770 ,  0.051 ,  23.259
1t11 , A , 3 , 376 ,  1.689 ,  0.018 ,  99.367
2axq , A , 3 , 445 ,  3.442 ,  0.038 ,  24.477
2i00 , A , 3 , 397 ,  3.576 ,  0.040 ,  27.443
1wp9 , B , 3 , 477 ,  1.322 ,  0.024 ,  29.630
2qee , A , 3 , 422 ,  5.006 ,  0.046 ,  23.449
5req , B , 3 , 619 ,  2.225 ,  0.034 ,  28.780
2fml , A , 3 , 256 ,  2.685 ,  0.029 ,  23.674
1qzf , A , 3 , 519 ,  2.827 ,  0.031 ,  106.902
1xsz , A , 3 , 384 ,  3.114 ,  0.042 ,  22.883
3ml1 , A , 4 , 808 ,  4.054 ,  0.056 ,  26.033
2eat , A , 4 , 994 ,  1.650 ,  0.022 ,  39.286
3osn , A , 4 , 385 ,  3.529 ,  0.032 ,  24.307
1k4t , A , 4 , 564 ,  0.892 ,  0.025 ,  30.238
2r6g , F , 4 , 490 ,  2.014 ,  0.014 ,  35.824
1wvf , A , 4 , 539 ,  3.769 ,  0.050 ,  23.323
3a21 , A , 4 , 616 ,  4.843 ,  0.049 ,  25.188
1zjk , A , 4 , 390 ,  1.159 ,  0.018 ,  31.154
1svb , A , 4 , 395 ,  1.926 ,  0.014 ,  34.370
1iq8 , A , 4 , 577 ,  2.537 ,  0.038 ,  28.101
1qtm , A , 4 , 539 ,  5.561 ,  0.037 ,  25.574
2ahx , A , 4 , 611 ,  2.209 ,  0.016 ,  41.621
1g8l , A , 4 , 403 ,  1.502 ,  0.018 ,  30.978
2fo0 , A , 4 , 465 ,  2.453 ,  0.038 ,  24.606
1sh0 , A , 4 , 502 ,  3.540 ,  0.043 ,  23.914
3ju4 , A , 4 , 716 ,  0.311 ,  0.026 ,  33.546
2qts , A , 4 , 417 ,  1.720 ,  0.019 ,  34.558
2fmp , A , 4 , 338 ,  3.109 ,  0.037 ,  22.067
1ord , A , 4 , 730 ,  3.142 ,  0.036 ,  40.273
3hu3 , A , 4 , 453 ,  2.588 ,  0.031 ,  26.298
1pfo , A , 4 , 471 ,  3.092 ,  0.017 ,  35.383
2x8g , A , 4 , 588 ,  2.903 ,  0.034 ,  28.280
1xfx , A , 4 , 735 ,  0.142 ,  0.016 ,  38.777
3i33 , A , 4 , 385 ,  6.124 ,  0.049 ,  21.175
1dq3 , A , 4 , 454 ,  4.358 ,  0.039 ,  25.202
1yq3 , A , 4 , 614 ,  5.234 ,  0.057 ,  27.089
1jmu , B , 4 , 608 ,  1.765 ,  0.015 ,  41.097
1pfx , L , 4 , 133 ,  3.125 ,  0.014 ,  107.863
2hau , A , 4 , 667 ,  2.385 ,  0.031 ,  30.168
1nyr , A , 4 , 642 ,  0.400 ,  0.027 ,  31.428
2p3y , A , 4 , 447 ,  4.080 ,  0.040 ,  26.062
1ygy , B , 4 , 527 ,  2.262 ,  0.030 ,  28.373
1q2l , A , 4 , 937 ,  0.787 ,  0.028 ,  34.478
1sqg , A , 4 , 424 ,  2.830 ,  0.040 ,  23.280
1kfi , A , 4 , 570 ,  4.753 ,  0.049 ,  27.255
3gvj , A , 4 , 698 ,  0.328 ,  0.025 ,  33.558
2hyv , A , 4 , 308 ,  6.202 ,  0.038 ,  23.232
2e28 , A , 4 , 587 ,  3.160 ,  0.026 ,  31.866
1eg3 , A , 4 , 260 ,  8.174 ,  0.048 ,  19.458
2uvo , A , 4 , 172 ,  0.412 ,  0.033 ,  18.798
1ijj , B , 4 , 371 ,  3.961 ,  0.044 ,  24.307
2gy5 , A , 4 , 423 ,  5.955 ,  0.041 ,  27.176
1g5a , A , 4 , 628 ,  4.195 ,  0.047 ,  26.356
2au3 , A , 4 , 403 ,  3.119 ,  0.035 ,  24.684
1ggt , A , 4 , 710 ,  4.822 ,  0.034 ,  32.462
2wvy , A , 4 , 741 ,  2.914 ,  0.046 ,  27.176
2b5e , A , 4 , 483 ,  2.946 ,  0.022 ,  30.110
